3087 13111 31387 5078 25795 35031 28308 35110 20756 9573 
21271 21630 14147 8945 19804 14023 39440 23261 20998 40338 
26970 30975 35167 6735 33888 14667 42697 13609 28967 12401 
45145 14651 7119 19871 24624 12829 24326 35918 25576 22130 
39970 17325 28164 40346 10545 17547 6375 19237 43909 10029 
6284 11276 8448 22128 15209 39724 26079 15683 23522 30739 
30189 19498 38952 37185 36996 1992 26791 9714 21444 24105 
24311 31798 25004 45015 11121 25843 9684 6904 32626 32725 
22268 31670 11907 15680 36451 13924 43284 39375 17746 4523 
32730 40642 14047 19007 37660 24899 36826 39497 13312 43925 
